,pH,Temperatures (°C),Temps (min),[Acide pectique (%m/m)]
0,3.0,50.0,5.0,5.0
1,9.0,50.0,5.0,5.0
2,3.0,80.0,5.0,5.0
3,9.0,80.0,5.0,5.0
4,3.0,65.0,0.0,5.0
5,9.0,65.0,0.0,5.0
6,3.0,65.0,10.0,5.0
7,9.0,65.0,10.0,5.0
8,3.0,65.0,5.0,0.0
9,9.0,65.0,5.0,0.0
10,3.0,65.0,5.0,10.0
11,9.0,65.0,5.0,10.0
12,6.0,50.0,0.0,5.0
13,6.0,80.0,0.0,5.0
14,6.0,50.0,10.0,5.0
15,6.0,80.0,10.0,5.0
16,6.0,50.0,5.0,0.0
17,6.0,80.0,5.0,0.0
18,6.0,50.0,5.0,10.0
19,6.0,80.0,5.0,10.0
20,6.0,65.0,0.0,0.0
21,6.0,65.0,10.0,0.0
22,6.0,65.0,0.0,10.0
23,6.0,65.0,10.0,10.0
24,6.0,65.0,5.0,5.0
25,6.0,65.0,5.0,5.0
26,6.0,65.0,5.0,5.0
